0.pcd -3.37297e-06 -7.00338e-06 -9.94388e-07 0.999988 0.00172458 -0.00447939 -3.37749e-07
1.pcd 1.10315 0.0081897 0.0183352 0.999947 0.00154385 -0.00719662 0.00714716
2.pcd 1.60937 -0.00951794 0.0328545 0.999963 0.00238557 -0.00818785 0.00148782
3.pcd 1.75168 -0.0823474 0.027116 0.996096 0.00293542 -0.00880345 -0.0877842
4.pcd 1.70674 -0.158805 0.0275939 0.983459 0.00398726 -0.00801487 -0.180908
5.pcd 1.66961 -0.213964 0.0232974 0.959414 0.00450899 -0.0073532 -0.28187
6.pcd 1.64231 -0.250176 0.0219049 0.930036 0.00547102 -0.00693235 -0.367363
7.pcd 1.59366 -0.29012 0.0168192 0.891645 0.00639211 -0.00695053 -0.452636
8.pcd 1.53463 -0.315004 0.0131769 0.844377 0.00682435 -0.00605259 -0.535672
9.pcd 1.46225 -0.367417 0.00964194 0.776528 0.00799698 -0.00540677 -0.630008
10.pcd 1.41442 -0.354206 0.0129302 0.706972 0.00775792 -0.00406832 -0.707188
11.pcd 1.33191 -0.337023 0.00547223 0.624769 0.00877818 -0.00426482 -0.780749
12.pcd 1.26921 -0.323861 0.00703883 0.533758 0.0083224 -0.0025139 -0.845593
13.pcd 1.22063 -0.286575 0.00805904 -0.447267 -0.00904271 0.00196454 0.894353
14.pcd 1.15703 -0.220726 0.00335192 -0.347505 -0.0093037 0.00121452 0.937631
15.pcd 1.14711 -0.187793 0.00940822 -0.259586 -0.00937438 1.43466e-05 0.965675
16.pcd 0.958444 -0.215402 0.000554354 -0.160021 -0.00903094 -7.13316e-05 0.987072
